# Combined perf_slices summary and strategy recommendations

## Case: both_dirs_buy_sell
### Best hours (by net pips, min trades threshold)
- Hour 13: net 15565 pips, PF 1.08, WR 34.1%, trades 1708
- Hour 14: net 5729 pips, PF 1.04, WR 35.3%, trades 1509
- Hour 15: net 2694 pips, PF 1.02, WR 37.0%, trades 1482
### Worst hours
- Hour 15: net 2694 pips, PF 1.02, WR 37.0%, trades 1482
- Hour 14: net 5729 pips, PF 1.04, WR 35.3%, trades 1509
- Hour 13: net 15565 pips, PF 1.08, WR 34.1%, trades 1708
### Best weekdays
- Tuesday: net 19616 pips, PF 1.20, WR 36.5%, trades 957
- Friday: net 15238 pips, PF 1.16, WR 35.1%, trades 875
- Monday: net 1933 pips, PF 1.02, WR 35.6%, trades 985
### Worst weekdays
- Wednesday: net -8723 pips, PF 0.91, WR 34.1%, trades 935
- Thursday: net -4004 pips, PF 0.96, WR 35.8%, trades 937
- Monday: net 1933 pips, PF 1.02, WR 35.6%, trades 985
### Notes / recommendations
- Consider restricting to hours: 13, 14, 15 (net>0 & PF>1)
- Prefer weekdays: Tuesday, Friday, Monday (net>0 & PF>1)

## Case: down_buy_only
### Best hours (by net pips, min trades threshold)
- Hour 15: net -13 pips, PF 1.00, WR 35.1%, trades 348
- Hour 14: net -4185 pips, PF 0.89, WR 33.1%, trades 353
- Hour 13: net -10309 pips, PF 0.78, WR 31.5%, trades 403
### Worst hours
- Hour 13: net -10309 pips, PF 0.78, WR 31.5%, trades 403
- Hour 14: net -4185 pips, PF 0.89, WR 33.1%, trades 353
- Hour 15: net -13 pips, PF 1.00, WR 35.1%, trades 348
### Best weekdays
- (none)
### Worst weekdays
- (none)
### Notes / recommendations
- No hour bucket with net>0 & PF>1 under thresholds

## Case: down_buy_sell
### Best hours (by net pips, min trades threshold)
- Hour 15: net -287 pips, PF 1.00, WR 36.3%, trades 694
- Hour 14: net -2343 pips, PF 0.97, WR 34.0%, trades 705
- Hour 13: net -5640 pips, PF 0.94, WR 34.2%, trades 815
### Worst hours
- Hour 13: net -5640 pips, PF 0.94, WR 34.2%, trades 815
- Hour 14: net -2343 pips, PF 0.97, WR 34.0%, trades 705
- Hour 15: net -287 pips, PF 1.00, WR 36.3%, trades 694
### Best weekdays
- Tuesday: net 6627 pips, PF 1.15, WR 36.8%, trades 456
- Monday: net 5027 pips, PF 1.11, WR 35.6%, trades 477
- Friday: net 2368 pips, PF 1.05, WR 33.7%, trades 395
### Worst weekdays
- Wednesday: net -13353 pips, PF 0.70, WR 33.5%, trades 436
- Thursday: net -9119 pips, PF 0.81, WR 34.2%, trades 445
- Friday: net 2368 pips, PF 1.05, WR 33.7%, trades 395
### Notes / recommendations
- No hour bucket with net>0 & PF>1 under thresholds
- Prefer weekdays: Tuesday, Monday, Friday (net>0 & PF>1)

## Case: down_sell_only
### Best hours (by net pips, min trades threshold)
- Hour 13: net 4669 pips, PF 1.11, WR 36.9%, trades 412
- Hour 14: net 1842 pips, PF 1.05, WR 34.9%, trades 352
- Hour 15: net -274 pips, PF 0.99, WR 37.6%, trades 346
### Worst hours
- Hour 15: net -274 pips, PF 0.99, WR 37.6%, trades 346
- Hour 14: net 1842 pips, PF 1.05, WR 34.9%, trades 352
- Hour 13: net 4669 pips, PF 1.11, WR 36.9%, trades 412
### Best weekdays
- (none)
### Worst weekdays
- (none)
### Notes / recommendations
- Consider restricting to hours: 13, 14 (net>0 & PF>1)

## Case: up_buy_only
### Best hours (by net pips, min trades threshold)
- Hour 13: net 18745 pips, PF 1.38, WR 35.3%, trades 481
- Hour 14: net 5913 pips, PF 1.15, WR 37.1%, trades 402
- Hour 15: net -874 pips, PF 0.97, WR 38.5%, trades 382
### Worst hours
- Hour 15: net -874 pips, PF 0.97, WR 38.5%, trades 382
- Hour 14: net 5913 pips, PF 1.15, WR 37.1%, trades 402
- Hour 13: net 18745 pips, PF 1.38, WR 35.3%, trades 481
### Best weekdays
- (none)
### Worst weekdays
- (none)
### Notes / recommendations
- Consider restricting to hours: 13, 14 (net>0 & PF>1)

## Case: up_buy_sell
### Best hours (by net pips, min trades threshold)
- Hour 13: net 20262 pips, PF 1.21, WR 33.9%, trades 893
- Hour 14: net 8183 pips, PF 1.10, WR 36.3%, trades 804
- Hour 15: net 2980 pips, PF 1.04, WR 37.6%, trades 788
### Worst hours
- Hour 15: net 2980 pips, PF 1.04, WR 37.6%, trades 788
- Hour 14: net 8183 pips, PF 1.10, WR 36.3%, trades 804
- Hour 13: net 20262 pips, PF 1.21, WR 33.9%, trades 893
### Best weekdays
- Tuesday: net 12989 pips, PF 1.24, WR 36.1%, trades 501
- Friday: net 11927 pips, PF 1.24, WR 36.0%, trades 480
- Thursday: net 5115 pips, PF 1.10, WR 37.2%, trades 492
### Worst weekdays
- Monday: net -3094 pips, PF 0.93, WR 35.6%, trades 508
- Wednesday: net 4630 pips, PF 1.09, WR 34.7%, trades 499
- Thursday: net 5115 pips, PF 1.10, WR 37.2%, trades 492
### Notes / recommendations
- Consider restricting to hours: 13, 14, 15 (net>0 & PF>1)
- Prefer weekdays: Tuesday, Friday, Thursday, Wednesday (net>0 & PF>1)

## Case: up_sell_only
### Best hours (by net pips, min trades threshold)
- Hour 15: net 3854 pips, PF 1.11, WR 36.7%, trades 406
- Hour 14: net 2270 pips, PF 1.05, WR 35.6%, trades 402
- Hour 13: net 1517 pips, PF 1.03, WR 32.3%, trades 412
### Worst hours
- Hour 13: net 1517 pips, PF 1.03, WR 32.3%, trades 412
- Hour 14: net 2270 pips, PF 1.05, WR 35.6%, trades 402
- Hour 15: net 3854 pips, PF 1.11, WR 36.7%, trades 406
### Best weekdays
- (none)
### Worst weekdays
- (none)
### Notes / recommendations
- Consider restricting to hours: 15, 14, 13 (net>0 & PF>1)
